0
0
0
0
0
0
0
0
0
0
0
0
0
0
0
0
0
1871.27
396.68
140.041
70.8276
43.7571
30.5023
23.0078
18.3272
15.1835
12.9513
11.2954
10.0223
9.01426
8.19625
7.51821
6.94587
6.45501
923.055
419.673
210.002
121.919
80.1143
57.6246
44.2378
35.6157
29.7086
25.4578
22.274
19.8092
17.8473
16.2486
14.9193
13.7943
12.8274
618.09
373.971
229.951
150.812
106.141
79.4428
62.4759
51.0759
43.0401
37.1404
32.657
29.1483
26.3325
24.0231
22.093
20.4526
19.038
476.651
329.519
229.081
164.408
122.921
95.7159
77.2659
64.2889
54.8367
47.7292
42.2303
37.868
34.3298
31.4037
28.9414
26.8374
25.0142
394.655
293.954
221.1
169.297
132.914
107.214
88.747
75.1763
64.9573
57.0753
50.8564
45.8464
41.733
38.2976
35.3835
32.8764
30.6903
337.816
266.129
212.806
169.597
138.367
114.994
97.3659
83.8905
73.4189
65.137
58.4698
53.0111
48.4702
44.6362
41.3527
38.4997
35.9763
296.096
244.131
201.486
167.559
140.898
120.029
103.651
90.6972
80.3387
71.9492
65.0617
59.3275
54.4842
50.3224
46.6498
43.2145
39.6171
266.24
226.416
192.387
164.38
141.57
123.082
108.094
95.8899
85.8819
77.5994
70.6749
64.8229
59.8233
55.5061
51.7369
48.4032
45.3973
244.451
211.853
184.101
160.67
141.055
124.709
111.1
99.7455
90.2269
82.195
75.3649
69.5072
64.4392
60.015
56.1164
52.6438
49.4979
226.736
199.642
176.601
156.751
139.769
125.298
112.987
102.501
93.5417
85.851
79.2071
73.4319
68.3747
63.9119
59.9389
56.3599
53.0587
211.303
189.208
169.781
152.774
137.972
125.127
113.999
104.355
95.9775
88.6753
82.2798
76.6485
71.6571
67.1929
63.1438
59.3372
55.4344
198.333
180.131
163.538
148.824
135.828
124.384
114.318
105.463
97.6624
90.7696
84.655
79.1999
74.2856
69.7674
65.3836
60.5729
54.2646
187.862
172.101
157.767
144.918
133.436
123.197
114.077
105.952
98.7061
92.2287
86.4224
81.1978
76.4761
72.1833
68.2408
64.5392
60.8444
178.901
164.874
152.373
141.066
130.858
121.659
113.377
105.919
99.1953
93.1228
87.6257
82.6336
78.0836
73.916
70.0655
66.449
62.8726
170.5
158.286
147.288
137.261
128.135
119.838
112.297
105.443
99.2052
93.5207
88.3294
83.5748
79.2045
75.1653
71.3879
67.7515
63.981
162.647
152.187
142.44
133.494
125.292
117.777
110.894
104.584
98.7954
93.4765
88.5771
84.0443
79.8128
75.7671
71.6417
66.7419
59.9905
155.711
146.474
137.777
129.748
122.343
115.511
109.21
103.392
98.0169
93.0428
88.4278
84.1285
80.0842
76.1764
72.1163
67.1934
60.1418
149.55
141.068
133.263
126.018
119.298
113.066
107.281
101.909
96.9133
92.2615
87.9221
83.865
80.059
76.4614
73.0016
69.5046
65.5107
143.629
135.899
128.853
122.288
116.166
110.46
105.137
100.165
95.5158
91.1623
87.0785
83.2397
79.6201
76.1848
72.8733
69.547
65.7911
137.754
130.918
124.527
118.548
112.952
107.711
102.799
98.1882
93.8556
89.7779
85.9332
82.2988
78.8477
75.5348
72.2526
68.7463
64.2592
132.159
126.086
120.258
114.788
109.657
104.83
100.286
96.0012
91.955
88.1217
84.4665
80.9167
77.2914
73.0668
66.9909
57.9003
45.4341
126.993
121.359
116.031
111.013
106.286
101.826
97.6116
93.6269
89.8497
86.2627
82.8487
79.5846
76.4273
73.2805
69.8439
65.4363
58.429
122.015
116.722
111.826
107.209
102.847
98.7155
94.8001
91.0828
87.5479
84.1807
80.9665
77.8907
74.9331
72.0583
69.1699
66.0127
61.934
116.979
112.15
107.644
103.376
99.3367
95.5034
91.8565
88.384
85.0717
81.9059
78.8741
75.9629
73.1552
70.4148
67.6594
64.6445
60.6475
111.962
107.632
103.466
99.5195
95.7661
92.1973
88.797
85.5463
82.4366
79.4562
76.5917
73.8277
71.1364
68.4414
65.5517
61.9463
56.3374
107.159
103.156
99.2961
95.6247
92.1317
88.7951
85.5908
82.4673
79.2965
75.7006
70.6548
62.5181
50.5077
36.7033
25.4666
17.3646
11.785
102.533
98.7112
95.1216
91.7068
88.4511
85.3396
82.3605
79.5021
76.7537
74.1057
71.5458
69.0596
66.6145
64.1271
61.328
57.581
51.3629
97.8841
94.2932
90.9524
87.7644
84.7191
81.8064
79.0121
76.3246
73.7356
71.2357
68.8162
66.4671
64.1722
61.893
59.5291
56.7292
52.7548
